
all_theta =

 Columns 1 through 8:

  -3.24037   0.00000   0.00000   0.00008  -0.00076  -0.00083   0.00132  -0.01645
  -3.25338   0.00000   0.00000  -0.00003   0.00040  -0.00092  -0.01640  -0.00912
  -4.95861   0.00000   0.00000  -0.00001  -0.00012   0.00337   0.01368  -0.01977
  -2.40424   0.00000   0.00000  -0.00001  -0.00002   0.00154  -0.00092   0.00119
   0.60997   0.00000   0.00000  -0.00000   0.00008  -0.00083  -0.00742  -0.00316
  -3.63421   0.00000   0.00000  -0.00000   0.00002  -0.00013  -0.00025  -0.00143
  -2.04721   0.00000   0.00000  -0.00003   0.00018   0.00069   0.00444   0.03926
  -8.33957   0.00000   0.00000  -0.00001   0.00005   0.00009  -0.00012  -0.00780
  -5.54753   0.00000   0.00000  -0.00000   0.00002   0.00044  -0.00590  -0.00388
  -6.39281   0.00000   0.00000  -0.00000  -0.00001   0.00013   0.00095   0.00006

 Columns 9 through 16:

  -0.00080   0.00052   0.00047   0.00007   0.00037   0.00164   0.00144   0.00406
  -0.01319  -0.00159  -0.00860  -0.00324   0.00402   0.00546   0.00239  -0.00499
  -0.00624  -0.00094  -0.00952  -0.00292  -0.00351  -0.01303   0.01704   0.02828
   0.05827   0.04439   0.07483   0.02273  -0.00341   0.00510   0.03127   0.01182
  -0.01520  -0.00913  -0.00138   0.00011   0.00176   0.00832  -0.03839  -0.06064
  -0.00106  -0.00021  -0.00042  -0.00014   0.00008   0.00009   0.00036   0.00053
   0.00158  -0.00194  -0.00562  -0.00204   0.00011   0.00035  -0.00446  -0.00163
  -0.00658   0.00064   0.00009   0.00001   0.00004   0.00014   0.00066   0.00187
  -0.00040  -0.01829  -0.00983  -0.00012   0.00121   0.00204   0.00372   0.00420
  -0.00047  -0.00084  -0.00169  -0.00035   0.00036   0.00062   0.00653   0.00575

 Columns 17 through 24:

   0.00534   0.00045  -0.00008  -0.00000   0.00000  -0.00000   0.00001  -0.00105
  -0.00244   0.00387  -0.00012  -0.00002   0.00000  -0.00000  -0.00001   0.00062
  -0.00225  -0.00070  -0.00001   0.00001   0.00000  -0.00000   0.00000   0.00043
  -0.00047   0.00023   0.00003  -0.00001   0.00000  -0.00000   0.00010  -0.00010
   0.00004   0.00093   0.00000  -0.00001   0.00000  -0.00000  -0.00001  -0.00064
   0.00012   0.00002   0.00000  -0.00000   0.00000   0.00000  -0.00001  -0.00001
   0.00032   0.00003   0.00000  -0.00000   0.00000  -0.00000   0.00000   0.00026
   0.00141   0.00016   0.00001  -0.00000   0.00000  -0.00000  -0.00001   0.00008
   0.00136   0.00101   0.00014  -0.00002   0.00000  -0.00000  -0.00001  -0.00001
  -0.00000   0.00002   0.00000  -0.00000   0.00000  -0.00000  -0.00001  -0.00002

 Columns 25 through 32:

   0.00868   0.00996   0.00191  -0.02206   0.00010   0.00029  -0.00918  -0.00118
  -0.00415   0.01338   0.15339  -0.08647  -0.17898  -0.03110  -0.03375  -0.02952
  -0.00350  -0.01223  -0.04808  -0.11562  -0.08308  -0.06464  -0.06118  -0.03508
  -0.00826  -0.04433  -0.00561  -0.12242  -0.76099  -0.28222  -0.03455   0.07798
   0.00678   0.01999   0.02478  -0.00180  -0.07344  -0.04600  -0.02379   0.00441
  -0.00026   0.00836   0.01097   0.00103   0.00350   0.01152   0.00856   0.01074
  -0.00173  -0.00965  -0.09178   0.09241   0.20077   0.11770   0.06468   0.00621
  -0.00004   0.00032   0.01068  -0.00051  -0.02884  -0.03928  -0.02123   0.00494
   0.00131  -0.00535  -0.00139  -0.01158  -0.09949  -0.20170  -0.07432  -0.00330
   0.00157   0.00226  -0.00980   0.00293   0.00583   0.00189   0.01505   0.01495

 Columns 33 through 40:

  -0.00408  -0.01790  -0.01065  -0.03671  -0.05018   0.00568   0.00901   0.00031
  -0.06490  -0.06261  -0.02646   0.03668   0.02508  -0.04715   0.00621   0.00114
   0.04792   0.12751  -0.22968  -0.33876   0.01544  -0.01286  -0.03236  -0.00474
   0.05251   0.02374  -0.29299  -0.12113   0.01163   0.00026   0.00128   0.00062
  -0.01452  -0.09242   0.41830   0.66891  -0.00247  -0.01138  -0.00388   0.00022
   0.00247   0.01378   0.00676   0.00072   0.00144   0.00062   0.00013   0.00003
  -0.02592  -0.04078   0.04581   0.03285   0.00751   0.01253   0.00768  -0.00084
   0.00215  -0.00190  -0.00091  -0.00459   0.00843   0.01735   0.01010   0.00061
  -0.02152  -0.02413  -0.02304  -0.03201  -0.01018  -0.00722   0.00358  -0.00143
   0.01632   0.01052  -0.04947  -0.06231  -0.01007   0.00742   0.00665  -0.00027

 Columns 41 through 48:

   0.00017   0.00000  -0.00027   0.00030   0.02487   0.06091   0.09027   0.08906
   0.00009   0.00000   0.00029   0.00340  -0.01962  -0.34340  -0.26941  -0.38890
   0.00060   0.00000  -0.00013  -0.00684   0.06204   0.38305   0.81477   0.69090
   0.00022  -0.00002  -0.00130   0.01079   0.09649   0.23780  -0.00074  -0.22712
   0.00002   0.00000  -0.00002   0.00972  -0.07297  -0.33553  -0.68342  -0.84703
   0.00001  -0.00001   0.00015  -0.00125   0.01140  -0.07855  -0.39978  -0.20099
   0.00033   0.00000  -0.00001  -0.00026   0.00240  -0.00943   0.25038   0.19311
   0.00038   0.00000  -0.00010   0.00028   0.00819   0.00842  -0.08901  -0.22362
  -0.00216   0.00000   0.00003   0.00031  -0.00348  -0.05469  -0.14006  -0.19077
   0.00001   0.00000   0.00006   0.00006  -0.00681  -0.02631  -0.06408  -0.11216

 Columns 49 through 56:

  -0.05548  -0.08399  -0.02288  -0.03687  -0.00506  -0.05516  -0.16000  -0.26336
  -0.45164  -0.27518   0.06784   0.44499   0.64149  -0.05063  -1.01652  -0.42195
   0.31825  -0.09680  -0.07140  -0.13397  -0.20328   0.34660   0.69742   0.35730
  -1.86749  -1.81256  -0.46746   0.21217  -0.95255  -1.55013  -1.31608  -0.30355
  -0.25825  -0.11851   0.01167   0.00547  -0.07649  -0.20539   0.81315   1.30375
  -0.36028  -0.62264  -0.51889  -0.27014  -0.10595  -0.15308  -0.11829  -0.08305
   1.81173   2.67485   1.76207   0.84716   0.85736   0.32816  -0.13441  -0.25171
  -0.19854  -0.04022   0.02954  -0.03396   0.00464  -0.06726  -0.28916  -0.55583
  -1.06416  -1.69448  -0.60615  -0.15790  -0.21998  -0.12519  -0.09562  -0.04915
  -0.18529  -0.27212  -0.30305  -0.44773  -0.57450  -0.44479  -0.73689  -0.41859

 Columns 57 through 64:

  -0.20594  -0.04424   0.04790   0.00065  -0.00040   0.00000   0.00124   0.00465
   0.13637  -0.35335  -0.07965   0.03663  -0.00303   0.00016  -0.00003  -0.04689
   0.24571   0.38901   0.63247   0.03094  -0.00470   0.00000   0.00106  -0.02834
  -0.02188  -0.03671  -0.02961   0.00584   0.00037   0.00011   0.00056  -0.07029
  -0.33245  -0.20780   0.00720   0.00213   0.00020   0.00001   0.00118   0.03408
  -0.00111  -0.00067  -0.00134  -0.00010  -0.00014  -0.00008  -0.00011   0.01894
  -0.29665  -0.23226  -0.16855  -0.02259  -0.00206   0.00000   0.00000   0.00722
  -0.44293  -0.19901  -0.11657  -0.00006  -0.00453   0.00000   0.00146  -0.00250
  -0.11673  -0.07100  -0.12937   0.02551   0.03974   0.00000   0.00051   0.00158
   0.12628  -0.04096  -0.09120   0.01121   0.00233   0.00000   0.00072   0.00226

 Columns 65 through 72:

  -0.15570  -0.56988  -0.89696  -1.21926  -0.71925  -0.78904  -0.07185   0.32037
   0.07525   0.11533   0.25910   0.51424   0.56945   0.09980  -1.41176  -0.30532
   0.09673   0.58386   0.42423   0.37406  -0.12046  -0.67774  -0.54088  -0.53632
   0.11795   0.98958   0.20964   0.98952  -0.37693  -0.13343   0.90251   0.90357
  -0.42443  -1.12867  -1.47751  -0.90790  -0.29296  -0.15752  -0.54102  -0.67175
  -0.06181  -0.64674  -0.50378  -0.16286  -0.51846  -0.25935   0.80903   0.66572
  -0.05315  -0.38281   0.26153   0.02506   1.31416   1.00559   0.97620   0.42200
  -0.13546  -0.25919  -0.81179  -0.90937   0.22900   1.00524   0.64785  -0.56820
  -0.06302  -0.27826  -0.65116  -0.81953  -1.14062  -0.71507  -0.30838  -0.05540
  -0.09596  -0.22232  -0.31812  -0.58548  -0.49898  -0.29630   0.08483   0.45428

